120.883 22.333
120.883 22.326
120.883 22.320
120.883 22.313
120.883 22.306
120.883 22.300
120.883 22.293
120.883 22.286
120.883 22.280
120.883 22.273
120.883 22.266
120.887 22.260
120.887 22.253
120.887 22.246
120.887 22.240
120.887 22.233
120.887 22.226
120.883 22.220
120.883 22.213
120.883 22.200
120.883 22.186
120.883 22.180
120.883 22.173
120.883 22.166
120.883 22.160
120.883 22.153
120.883 22.146
120.883 22.140
120.879 22.133
120.879 22.120
120.883 22.113
120.887 22.106
120.892 22.106
120.892 22.100
120.887 22.093
120.883 22.086
120.883 22.073
120.883 22.066
120.883 22.060
120.883 22.053
120.883 22.046
120.883 22.033
120.879 22.026
120.875 22.020
120.871 22.013
120.867 22.013
120.867 22.007
120.867 22.000
120.858 22.000
120.854 21.993
120.850 21.993
120.846 21.993
120.842 21.993
120.838 21.993
120.833 21.986
120.829 21.980
120.829 21.973
120.829 21.966
120.829 21.960
120.829 21.953
120.829 21.947
120.833 21.940
120.838 21.933
120.842 21.927
120.846 21.920
120.850 21.913
120.850 21.906
120.850 21.900
120.846 21.893
120.842 21.893
120.838 21.900
120.833 21.900
120.829 21.900
120.829 21.906
120.829 21.913
120.825 21.913
120.821 21.920
120.817 21.920
120.817 21.927
120.813 21.927
120.808 21.933
120.804 21.933
120.800 21.933
120.796 21.933
120.792 21.940
120.787 21.940
120.783 21.940
120.779 21.947
120.775 21.947
120.771 21.947
120.767 21.947
120.762 21.953
120.758 21.953
120.754 21.953
120.750 21.960
120.746 21.960
120.738 21.960
120.733 21.953
120.729 21.953
120.725 21.947
120.725 21.933
120.721 21.927
120.717 21.920
120.713 21.920
120.708 21.920
120.704 21.920
120.700 21.927
120.696 21.933
120.692 21.940
120.688 21.940
120.688 21.947
120.688 21.953
120.692 21.960
120.692 21.966
120.692 21.973
120.692 21.986
120.688 21.993
120.683 22.000
120.679 22.000
120.678 22.000
120.675 22.007
120.671 22.013
120.671 22.020
120.671 22.033
120.675 22.033
120.679 22.040
120.679 22.046
120.683 22.053
120.688 22.053
120.692 22.060
120.692 22.066
120.692 22.086
120.696 22.086
120.700 22.086
120.700 22.093
120.700 22.100
120.700 22.106
120.696 22.113
120.692 22.120
120.688 22.126
120.688 22.133
120.683 22.140
120.683 22.146
120.683 22.153
120.683 22.160
120.679 22.166
120.679 22.173
120.675 22.180
120.671 22.186
120.671 22.193
120.671 22.200
120.671 22.206
120.667 22.213
120.667 22.220
120.662 22.226
120.662 22.233
120.658 22.240
120.654 22.246
120.650 22.253
120.646 22.253
120.642 22.260
120.642 22.266
120.642 22.273
120.642 22.280
120.637 22.286
120.637 22.293
120.633 22.300
120.633 22.306
120.629 22.313
120.625 22.313
120.625 22.320
120.621 22.320
120.617 22.326
120.613 22.326
120.608 22.333
120.604 22.340
120.604 22.346
120.600 22.353
120.596 22.360
120.592 22.360
120.583 22.366
120.579 22.373
120.575 22.373
120.571 22.380
120.567 22.380
120.558 22.386
120.554 22.386
120.550 22.393
120.546 22.393
120.542 22.393
120.537 22.400
120.533 22.400
120.529 22.400
120.525 22.406
120.521 22.406
120.517 22.406
120.512 22.413
120.504 22.413
120.500 22.420
120.496 22.420
120.492 22.426
120.488 22.426
120.483 22.426
120.479 22.433
120.475 22.433
120.471 22.433
120.467 22.433
120.463 22.440
120.458 22.440
120.454 22.440
120.450 22.446
120.446 22.453
120.442 22.453
120.438 22.453
120.438 22.460
120.433 22.466
120.429 22.473
120.425 22.473
120.421 22.473
120.417 22.480
120.417 22.486
120.408 22.486
120.408 22.480
120.404 22.473
120.400 22.473
120.396 22.480
120.387 22.480
120.383 22.486
120.379 22.486
120.375 22.493
120.371 22.493
120.367 22.493
120.358 22.500
120.354 22.506
120.350 22.506
120.346 22.513
120.342 22.513
120.338 22.520
120.333 22.520
120.329 22.526
120.325 22.526
120.321 22.533
120.317 22.540
120.313 22.546
120.308 22.546
120.304 22.553
120.300 22.560
120.296 22.560
120.292 22.566
120.287 22.573
120.283 22.580
120.279 22.586
120.275 22.586
120.271 22.593
120.271 22.600
120.267 22.606
120.262 22.613
120.258 22.613
120.258 22.620
120.258 22.626
120.254 22.633
120.250 22.633
120.246 22.640
120.242 22.646
120.242 22.653
120.242 22.660
120.246 22.666
120.250 22.666
120.254 22.666
120.258 22.673
120.262 22.673
120.262 22.680
120.262 22.686
120.262 22.693
120.258 22.700
120.258 22.706
120.254 22.713
120.254 22.720
120.250 22.726
120.246 22.733
120.242 22.740
120.238 22.746
120.233 22.753
120.233 22.760
120.229 22.766
120.225 22.773
120.221 22.780
120.221 22.786
120.217 22.793
120.213 22.800
120.213 22.806
120.208 22.813
120.204 22.820
120.204 22.826
120.200 22.833
120.200 22.840
120.196 22.846
120.196 22.853
120.192 22.860
120.192 22.866
120.188 22.873
120.188 22.880
120.183 22.886
120.179 22.893
120.179 22.900
120.175 22.906
120.175 22.926
120.175 22.933
120.175 22.940
120.171 22.946
120.171 22.953
120.167 22.960
120.162 22.966
120.158 22.973
120.154 22.980
120.150 22.986
120.146 22.993
120.142 22.993
120.137 23.000
120.133 23.000
120.129 23.000
120.125 23.006
120.121 23.006
120.117 23.013
120.113 23.013
120.108 23.020
120.104 23.020
120.100 23.020
120.096 23.026
120.092 23.026
120.083 23.033
120.079 23.040
120.075 23.040
120.071 23.040
120.067 23.046
120.063 23.046
120.058 23.060
120.058 23.073
120.058 23.080
120.058 23.086
120.063 23.093
120.067 23.100
120.067 23.106
120.071 23.113
120.075 23.120
120.079 23.120
120.079 23.126
120.079 23.133
120.079 23.140
120.083 23.146
120.083 23.153
120.083 23.160
120.083 23.166
120.083 23.173
120.083 23.186
120.083 23.193
120.088 23.200
120.088 23.206
120.088 23.213
120.088 23.220
120.088 23.233
120.092 23.240
120.096 23.246
120.100 23.253
120.100 23.260
120.108 23.273
120.113 23.280
120.113 23.286
120.113 23.293
120.108 23.300
120.108 23.313
120.113 23.320
120.113 23.326
120.117 23.333
120.121 23.340
120.125 23.340
120.129 23.346
120.129 23.353
120.133 23.360
120.137 23.366
120.137 23.373
120.137 23.380
120.142 23.386
120.146 23.393
120.150 23.400
120.150 23.406
120.150 23.420
120.146 23.426
120.146 23.440
120.146 23.453
120.142 23.460
120.142 23.466
120.142 23.473
120.146 23.473
120.150 23.480
120.150 23.486
120.150 23.500
120.146 23.506
120.146 23.513
120.146 23.520
120.146 23.526
120.146 23.533
120.142 23.540
120.137 23.546
120.137 23.553
120.137 23.560
120.137 23.566
120.137 23.573
120.133 23.580
120.133 23.586
120.133 23.593
120.129 23.600
120.129 23.606
120.129 23.620
120.133 23.626
120.133 23.633
120.137 23.640
120.142 23.646
120.142 23.653
120.146 23.660
120.150 23.666
120.154 23.673
120.154 23.680
120.158 23.686
120.162 23.693
120.167 23.700
120.171 23.700
120.175 23.700
120.179 23.706
120.183 23.713
120.183 23.720
120.183 23.720
120.188 23.726
120.188 23.733
120.188 23.740
120.188 23.746
120.192 23.753
120.192 23.760
120.192 23.766
120.196 23.773
120.200 23.780
120.204 23.786
120.213 23.793
120.217 23.800
120.221 23.800
120.225 23.806
120.229 23.813
120.233 23.820
120.238 23.826
120.242 23.826
120.246 23.833
120.250 23.840
120.254 23.846
120.258 23.846
120.262 23.853
120.267 23.860
120.271 23.866
120.275 23.873
120.279 23.880
120.283 23.886
120.287 23.893
120.292 23.900
120.292 23.906
120.296 23.913
120.300 23.920
120.304 23.926
120.308 23.933
120.313 23.940
120.317 23.946
120.317 23.953
120.321 23.953
120.325 23.960
120.329 23.966
120.333 23.973
120.338 23.980
120.342 23.986
120.342 23.993
120.342 24.000
120.346 24.006
120.346 24.013
120.350 24.020
120.350 24.026
120.354 24.033
120.358 24.040
120.363 24.040
120.367 24.046
120.371 24.046
120.375 24.053
120.379 24.053
120.383 24.053
120.387 24.053
120.392 24.053
120.396 24.060
120.400 24.066
120.400 24.073
120.404 24.073
120.408 24.080
120.412 24.086
120.417 24.086
120.421 24.086
120.425 24.093
120.425 24.100
120.425 24.106
120.425 24.113
120.429 24.120
120.429 24.126
120.429 24.133
120.433 24.140
120.442 24.140
120.442 24.146
120.446 24.153
120.450 24.153
120.454 24.160
120.458 24.166
120.463 24.166
120.467 24.173
120.471 24.180
120.475 24.180
120.479 24.186
120.483 24.186
120.488 24.193
120.488 24.200
120.488 24.206
120.492 24.206
120.496 24.206
120.500 24.213
120.504 24.220
120.504 24.226
120.508 24.233
120.508 24.240
120.512 24.246
120.517 24.253
120.517 24.260
120.521 24.266
120.521 24.273
120.517 24.273
120.517 24.286
120.517 24.293
120.521 24.293
120.525 24.293
120.533 24.293
120.537 24.300
120.542 24.300
120.546 24.306
120.546 24.313
120.546 24.320
120.550 24.326
120.550 24.333
120.554 24.340
120.558 24.340
120.563 24.346
120.567 24.353
120.571 24.353
120.575 24.360
120.579 24.366
120.579 24.373
120.583 24.380
120.583 24.386
120.588 24.393
120.592 24.400
120.596 24.406
120.600 24.406
120.600 24.413
120.604 24.420
120.608 24.420
120.613 24.426
120.617 24.433
120.621 24.440
120.625 24.446
120.629 24.446
120.633 24.453
120.637 24.453
120.642 24.460
120.646 24.460
120.646 24.460
120.650 24.466
120.654 24.466
120.658 24.473
120.662 24.480
120.667 24.486
120.671 24.493
120.671 24.500
120.675 24.506
120.679 24.513
120.683 24.520
120.683 24.526
120.683 24.533
120.688 24.540
120.688 24.546
120.692 24.553
120.696 24.560
120.696 24.566
120.700 24.573
120.700 24.580
120.704 24.586
120.708 24.593
120.708 24.593
120.713 24.600
120.717 24.606
120.721 24.613
120.725 24.613
120.729 24.613
120.733 24.613
120.738 24.613
120.742 24.613
120.746 24.613
120.750 24.620
120.750 24.626
120.754 24.633
120.754 24.640
120.758 24.646
120.762 24.646
120.767 24.653
120.771 24.660
120.775 24.660
120.779 24.666
120.783 24.666
120.787 24.666
120.792 24.666
120.796 24.666
120.800 24.666
120.804 24.666
120.808 24.666
120.813 24.666
120.817 24.666
120.821 24.666
120.825 24.673
120.825 24.680
120.829 24.686
120.833 24.686
120.838 24.693
120.842 24.693
120.846 24.700
120.850 24.706
120.854 24.713
120.854 24.720
120.854 24.726
120.858 24.726
120.863 24.733
120.867 24.733
120.871 24.740
120.875 24.740
120.879 24.740
120.883 24.740
120.887 24.746
120.892 24.746
120.896 24.753
120.900 24.760
120.904 24.766
120.904 24.773
120.904 24.780
120.908 24.786
120.908 24.793
120.912 24.800
120.912 24.806
120.912 24.820
120.912 24.826
120.912 24.846
120.917 24.853
120.921 24.853
120.925 24.853
120.929 24.860
120.933 24.860
120.938 24.866
120.942 24.873
120.942 24.880
120.942 24.886
120.946 24.893
120.950 24.900
120.954 24.906
120.958 24.906
120.963 24.913
120.963 24.920
120.963 24.926
120.967 24.933
120.971 24.933
120.975 24.940
120.979 24.940
120.983 24.946
120.988 24.953
120.992 24.960
120.996 24.966
121.000 24.973
121.004 24.973
121.008 24.980
121.008 24.986
121.012 24.993
121.012 25.000
121.017 25.006
121.021 25.013
121.025 25.020
121.029 25.020
121.033 25.026
121.037 25.033
121.042 25.033
121.046 25.040
121.050 25.040
121.054 25.046
121.058 25.046
121.063 25.046
121.067 25.046
121.071 25.053
121.075 25.053
121.079 25.060
121.083 25.060
121.088 25.066
121.092 25.066
121.096 25.066
121.100 25.066
121.104 25.073
121.108 25.073
121.113 25.073
121.117 25.073
121.121 25.073
121.125 25.080
121.129 25.080
121.133 25.080
121.137 25.080
121.142 25.080
121.146 25.080
121.150 25.080
121.154 25.080
121.158 25.087
121.162 25.087
121.167 25.087
121.171 25.093
121.175 25.093
121.179 25.100
121.183 25.100
121.188 25.100
121.192 25.107
121.196 25.107
121.200 25.107
121.204 25.107
121.208 25.113
121.213 25.113
121.217 25.113
121.221 25.113
121.225 25.113
121.229 25.113
121.233 25.113
121.238 25.120
121.242 25.120
121.246 25.120
121.250 25.120
121.254 25.120
121.258 25.120
121.262 25.120
121.267 25.120
121.271 25.120
121.275 25.120
121.279 25.120
121.283 25.120
121.287 25.120
121.292 25.120
121.296 25.120
121.300 25.120
121.304 25.120
121.308 25.120
121.313 25.120
121.317 25.120
121.321 25.120
121.325 25.126
121.329 25.126
121.333 25.126
121.338 25.133
121.342 25.133
121.346 25.133
121.350 25.133
121.354 25.140
121.358 25.140
121.363 25.140
121.367 25.140
121.371 25.146
121.375 25.146
121.379 25.146
121.383 25.153
121.387 25.160
121.392 25.160
121.396 25.167
121.400 25.173
121.404 25.167
121.408 25.167
121.412 25.167
121.417 25.160
121.421 25.160
121.425 25.160
121.429 25.153
121.433 25.153
121.433 25.146
121.438 25.140
121.442 25.133
121.446 25.133
121.446 25.140
121.446 25.146
121.446 25.153
121.442 25.160
121.438 25.167
121.433 25.167
121.429 25.173
121.425 25.173
121.421 25.173
121.417 25.180
121.412 25.180
121.408 25.180
121.404 25.187
121.404 25.193
121.408 25.200
121.413 25.206
121.417 25.206
121.421 25.213
121.425 25.220
121.429 25.226
121.433 25.233
121.438 25.240
121.442 25.247
121.446 25.253
121.450 25.253
121.454 25.253
121.458 25.253
121.463 25.253
121.467 25.260
121.471 25.267
121.475 25.273
121.479 25.273
121.483 25.273
121.488 25.280
121.492 25.280
121.496 25.280
121.500 25.287
121.508 25.287
121.512 25.287
121.517 25.287
121.521 25.293
121.525 25.293
121.525 25.300
121.529 25.300
121.533 25.300
121.537 25.300
121.537 25.293
121.542 25.293
121.546 25.293
121.550 25.293
121.554 25.293
121.558 25.300
121.563 25.300
121.567 25.300
121.571 25.300
121.575 25.300
121.579 25.293
121.588 25.293
121.592 25.293
121.592 25.293
121.596 25.287
121.600 25.287
121.604 25.280
121.608 25.280
121.613 25.280
121.617 25.273
121.621 25.267
121.625 25.260
121.629 25.253
121.629 25.247
121.629 25.240
121.633 25.233
121.637 25.233
121.642 25.233
121.642 25.226
121.642 25.220
121.642 25.213
121.646 25.213
121.650 25.213
121.654 25.206
121.658 25.206
121.667 25.206
121.671 25.206
121.675 25.206
121.679 25.206
121.683 25.206
121.679 25.200
121.675 25.193
121.675 25.187
121.679 25.180
121.683 25.180
121.688 25.180
121.692 25.180
121.696 25.173
121.696 25.167
121.700 25.167
121.704 25.167
121.708 25.167
121.713 25.167
121.717 25.167
121.721 25.160
121.725 25.160
121.729 25.153
121.733 25.153
121.738 25.146
121.742 25.140
121.746 25.140
121.750 25.146
121.754 25.153
121.758 25.153
121.762 25.153
121.767 25.146
121.771 25.146
121.775 25.146
121.783 25.146
121.787 25.146
121.792 25.146
121.792 25.140
121.796 25.133
121.800 25.133
121.804 25.133
121.808 25.133
121.808 25.126
121.808 25.120
121.813 25.120
121.817 25.120
121.821 25.126
121.825 25.126
121.829 25.126
121.833 25.126
121.838 25.126
121.842 25.126
121.846 25.126
121.850 25.126
121.854 25.120
121.858 25.120
121.867 25.120
121.871 25.120
121.875 25.120
121.879 25.120
121.883 25.120
121.887 25.120
121.892 25.120
121.896 25.120
121.900 25.120
121.904 25.120
121.908 25.113
121.912 25.113
121.912 25.107
121.908 25.100
121.908 25.093
121.904 25.087
121.904 25.080
121.904 25.073
121.908 25.073
121.912 25.066
121.917 25.066
121.917 25.060
121.917 25.053
121.917 25.046
121.921 25.040
121.925 25.033
121.929 25.026
121.933 25.026
121.938 25.020
121.942 25.020
121.946 25.020
121.950 25.020
121.954 25.026
121.958 25.026
121.963 25.026
121.967 25.026
121.971 25.026
121.975 25.020
121.979 25.020
121.979 25.013
121.983 25.013
121.988 25.013
121.992 25.013
121.992 25.000
121.988 25.000
121.983 25.000
121.979 25.000
121.975 25.000
121.971 24.993
121.967 24.993
121.963 24.993
121.958 24.993
121.954 24.986
121.950 24.986
121.946 24.986
121.942 24.980
121.938 24.980
121.933 24.980
121.929 24.980
121.925 24.973
121.921 24.973
121.917 24.966
121.912 24.960
121.908 24.953
121.904 24.953
121.900 24.946
121.896 24.946
121.892 24.946
121.887 24.940
121.883 24.940
121.883 24.933
121.883 24.926
121.879 24.920
121.875 24.920
121.871 24.913
121.867 24.913
121.863 24.906
121.858 24.900
121.854 24.900
121.850 24.893
121.846 24.886
121.842 24.886
121.838 24.880
121.833 24.873
121.833 24.866
121.829 24.860
121.829 24.854
121.825 24.846
121.821 24.840
121.821 24.833
121.821 24.826
121.817 24.820
121.817 24.813
121.817 24.806
121.817 24.800
121.817 24.793
121.817 24.786
121.817 24.780
121.817 24.773
121.817 24.766
121.817 24.760
121.817 24.753
121.817 24.746
121.821 24.740
121.821 24.733
121.825 24.726
121.829 24.720
121.829 24.713
121.833 24.706
121.833 24.700
121.833 24.693
121.833 24.686
121.833 24.680
121.833 24.673
121.833 24.666
121.833 24.660
121.838 24.653
121.838 24.646
121.842 24.640
121.842 24.633
121.846 24.626
121.850 24.620
121.854 24.613
121.854 24.606
121.854 24.600
121.854 24.593
121.858 24.593
121.863 24.593
121.867 24.586
121.867 24.580
121.863 24.580
121.863 24.573
121.863 24.566
121.863 24.560
121.863 24.553
121.867 24.546
121.863 24.540
121.863 24.533
121.858 24.533
121.854 24.533
121.850 24.526
121.846 24.526
121.842 24.526
121.838 24.526
121.833 24.520
121.833 24.513
121.829 24.506
121.833 24.500
121.838 24.500
121.842 24.493
121.846 24.486
121.850 24.486
121.854 24.480
121.850 24.480
121.846 24.480
121.842 24.480
121.838 24.480
121.833 24.480
121.829 24.473
121.825 24.473
121.821 24.466
121.817 24.466
121.817 24.460
121.813 24.453
121.808 24.453
121.804 24.446
121.800 24.446
121.796 24.440
121.792 24.433
121.787 24.426
121.783 24.420
121.783 24.413
121.783 24.406
121.783 24.406
121.779 24.393
121.779 24.386
121.779 24.380
121.779 24.373
121.775 24.366
121.771 24.360
121.767 24.353
121.767 24.346
121.762 24.340
121.762 24.333
121.762 24.326
121.762 24.320
121.762 24.313
121.762 24.306
121.758 24.306
121.754 24.306
121.750 24.300
121.746 24.293
121.742 24.286
121.738 24.280
121.738 24.273
121.738 24.266
121.733 24.260
121.729 24.260
121.725 24.253
121.721 24.246
121.717 24.246
121.713 24.246
121.708 24.240
121.704 24.240
121.700 24.233
121.696 24.226
121.692 24.226
121.688 24.220
121.683 24.220
121.679 24.220
121.675 24.213
121.671 24.213
121.667 24.213
121.662 24.213
121.658 24.206
121.654 24.200
121.654 24.193
121.650 24.186
121.650 24.180
121.650 24.173
121.654 24.166
121.658 24.160
121.658 24.153
121.658 24.146
121.658 24.140
121.654 24.133
121.650 24.133
121.646 24.126
121.642 24.126
121.637 24.120
121.633 24.120
121.629 24.113
121.625 24.113
121.621 24.106
121.617 24.100
121.613 24.093
121.608 24.086
121.608 24.080
121.608 24.073
121.608 24.066
121.608 24.060
121.613 24.053
121.613 24.046
121.617 24.040
121.621 24.033
121.625 24.026
121.629 24.026
121.633 24.020
121.633 24.006
121.629 24.000
121.625 23.993
121.621 23.993
121.617 23.986
121.613 23.980
121.608 23.980
121.604 23.973
121.600 23.966
121.600 23.960
121.600 23.953
121.600 23.926
121.600 23.920
121.596 23.913
121.596 23.906
121.596 23.900
121.596 23.893
121.596 23.886
121.592 23.880
121.592 23.873
121.588 23.866
121.588 23.860
121.588 23.853
121.583 23.846
121.583 23.840
121.579 23.833
121.575 23.826
121.571 23.820
121.567 23.813
121.563 23.806
121.563 23.800
121.563 23.793
121.563 23.786
121.563 23.780
121.563 23.773
121.563 23.766
121.563 23.760
121.563 23.753
121.558 23.753
121.558 23.746
121.554 23.746
121.554 23.740
121.550 23.733
121.546 23.726
121.542 23.726
121.537 23.720
121.537 23.713
121.537 23.706
121.537 23.686
121.537 23.680
121.537 23.673
121.533 23.666
121.533 23.660
121.529 23.653
121.525 23.646
121.521 23.640
121.521 23.633
121.521 23.626
121.521 23.620
121.521 23.613
121.521 23.606
121.517 23.600
121.517 23.593
121.517 23.586
121.517 23.580
121.512 23.573
121.508 23.566
121.504 23.560
121.500 23.553
121.496 23.546
121.496 23.540
121.496 23.533
121.492 23.526
121.492 23.520
121.492 23.513
121.492 23.506
121.492 23.500
121.496 23.493
121.500 23.486
121.500 23.480
121.496 23.473
121.492 23.466
121.488 23.460
121.488 23.453
121.483 23.446
121.483 23.440
121.483 23.433
121.479 23.426
121.475 23.420
121.471 23.413
121.471 23.406
121.467 23.400
121.463 23.393
121.463 23.386
121.458 23.380
121.458 23.373
121.458 23.366
121.458 23.360
121.458 23.353
121.454 23.346
121.454 23.340
121.454 23.333
121.454 23.326
121.454 23.320
121.450 23.320
121.442 23.313
121.438 23.313
121.433 23.306
121.429 23.300
121.425 23.300
121.421 23.293
121.417 23.286
121.417 23.280
121.417 23.273
121.412 23.266
121.408 23.260
121.408 23.253
121.408 23.246
121.404 23.240
121.404 23.233
121.404 23.220
121.400 23.220
121.396 23.213
121.392 23.213
121.387 23.213
121.387 23.206
121.387 23.186
121.387 23.180
121.392 23.180
121.392 23.173
121.392 23.166
121.387 23.160
121.387 23.153
121.387 23.146
121.387 23.140
121.387 23.133
121.396 23.126
121.387 23.120
121.383 23.120
121.379 23.113
121.375 23.106
121.371 23.100
121.367 23.100
121.363 23.100
121.358 23.100
121.354 23.100
121.350 23.093
121.346 23.086
121.342 23.080
121.342 23.073
121.338 23.073
121.333 23.066
121.333 23.060
121.333 23.053
121.333 23.046
121.329 23.040
121.329 23.033
121.325 23.026
121.321 23.020
121.317 23.013
121.313 23.006
121.308 23.000
121.308 22.993
121.304 22.986
121.300 22.980
121.296 22.973
121.292 22.973
121.287 22.966
121.283 22.960
121.279 22.960
121.275 22.960
121.271 22.953
121.267 22.946
121.267 22.940
121.267 22.933
121.262 22.933
121.258 22.926
121.258 22.920
121.254 22.920
121.254 22.913
121.250 22.913
121.246 22.906
121.246 22.900
121.242 22.893
121.238 22.893
121.238 22.886
121.233 22.886
121.229 22.880
121.225 22.880
121.225 22.873
121.221 22.866
121.217 22.866
121.213 22.866
121.208 22.866
121.204 22.866
121.200 22.866
121.196 22.866
121.192 22.866
121.188 22.860
121.183 22.853
121.179 22.853
121.175 22.846
121.175 22.840
121.175 22.833
121.175 22.826
121.179 22.826
121.179 22.820
121.183 22.813
121.188 22.806
121.188 22.800
121.183 22.793
121.179 22.793
121.175 22.793
121.171 22.793
121.171 22.786
121.167 22.780
121.167 22.773
121.162 22.766
121.162 22.760
121.158 22.760
121.154 22.760
121.150 22.753
121.146 22.746
121.142 22.746
121.137 22.740
121.133 22.740
121.129 22.740
121.125 22.733
121.121 22.726
121.117 22.726
121.113 22.720
121.108 22.720
121.104 22.713
121.100 22.713
121.096 22.713
121.092 22.706
121.088 22.706
121.083 22.706
121.079 22.706
121.075 22.700
121.071 22.700
121.067 22.700
121.063 22.693
121.058 22.693
121.054 22.686
121.050 22.686
121.046 22.680
121.042 22.673
121.037 22.673
121.033 22.673
121.029 22.673
121.025 22.666
121.021 22.666
121.017 22.660
121.012 22.653
121.008 22.646
121.008 22.640
121.004 22.633
121.004 22.626
121.004 22.620
121.000 22.613
121.000 22.606
121.000 22.600
121.000 22.593
120.996 22.593
120.992 22.586
120.988 22.580
120.983 22.580
120.979 22.573
120.975 22.573
120.975 22.566
120.971 22.560
120.971 22.553
120.967 22.546
120.967 22.540
120.963 22.533
120.963 22.526
120.958 22.520
120.954 22.513
120.950 22.506
120.950 22.500
120.946 22.493
120.942 22.486
120.942 22.480
120.942 22.473
120.938 22.466
120.938 22.460
120.933 22.453
120.933 22.446
120.929 22.440
120.925 22.433
120.925 22.426
120.921 22.420
120.917 22.413
120.912 22.406
120.912 22.400
120.908 22.393
120.904 22.386
120.904 22.380
120.900 22.373
120.900 22.366
120.900 22.360
120.896 22.353
120.892 22.346
120.887 22.340
120.883 22.333